[[-0.20470766  0.47894334 -0.51943872 ... -0.74853155  0.58496974
   0.15267657]
 [-1.56565729 -0.56254019 -0.03266414 ... -1.41341604  1.29660784
   0.25227521]
 [ 1.1274811  -0.56836345  0.30936217 ...  1.35029973 -0.38665332
   0.86598954]
 ...
 [-0.8683548   1.17962966  1.16947118 ...  0.87865186 -1.28289299
  -1.73047439]
 [ 0.49770843 -0.27717669 -0.00709769 ... -0.39383762 -0.53840926
   0.79885514]
 [-1.35244819  2.21435054 -0.20520696 ... -0.00670556 -1.21472309
   0.65498866]]
[  0.76645469 -10.6533415    6.84474984   9.37995175   4.22123416
   2.00656802   5.30857008 -28.66287653  -1.11562052  -7.71552283
  -8.70921718   2.11395924  -5.76021468   0.57914611  -9.86202428
 -20.79662395  -1.90581053  14.15643026   3.89108636   3.71854441
   1.27777927  -6.12315979 -11.9223877   13.24189806   3.12810367
  14.50845007   5.82824645  -5.6970257    6.00599445 -10.20770301
   9.51290619   1.56776805 -12.45961589  10.20820815 -12.03202213
  14.06940353  13.77740815  11.07217993   5.01706562 -10.45310416
   2.41875482  15.69815881  22.35098191  -6.1855984    3.90370503
  -4.47684775   1.3634212   -3.72887236  -6.36168103  -3.50685989
   1.00782411  16.63284349 -15.2509443    5.0496401   -0.80716638
  -0.82038519  -7.23962934 -11.72853543   0.70989316  -1.33042382
  -6.30832945   0.51085485 -17.03310001   2.75746785  19.21004316
   2.90853055 -11.53531319   0.29237011  -0.05487117  -5.8574001
  -0.24893972  -2.27326893   1.18729389  -5.04437415  -1.9121617
  -8.57412067  -2.94824524  -6.00739278 -26.87659983  -4.99345911
  -6.88618814   3.98223345   2.82345563  -9.99115659  -4.76290545
  12.733122     3.83229866  -8.57699831 -16.02872005 -21.44393962
   9.80173342  -2.788443    -6.51691625   4.00941582   3.76054148
 -11.00148015  -5.2886869   -1.44640669   0.90535912 -12.65887873]
